15
1 13
20 384 143 455 374 489 274 149 267 890 547 152 756
1 15
118 820 886 139 749 863 569 242 935 343 193 158 78 45 728
2 15
45 78 267 384 139 149 118 143 193 489 820 343 374 890 756
1 20
14 997 597 201 126 65 786 744 4 606 735 318 499 776 795 187 521 417 559 827
1 18
635 288 883 302 369 296 438 477 418 367 621 307 492 633 382 301 831 196
2 15
831 499 521 187 728 749 296 196 274 547 158 477 786 201 301
2 19
126 997 559 744 65 369 367 635 606 438 621 382 492 4 633 418 776 242 455
1 13
143 451 431 58 313 761 873 164 518 350 163 91 971
1 18
536 90 189 495 12 721 53 889 230 274 496 468 430 11 114 452 838 248
2 15
935 230 152 795 143 536 14 302 248 889 452 495 307 114 883
2 10
189 827 597 288 313 873 496 886 431 569
1 18
470 715 220 677 190 402 796 911 750 834 65 849 720 26 968 228 544 40
2 10
26 58 220 470 518 750 761 677 417 796
2 20
834 544 849 863 968 838 468 318 53 90 911 430 228 721 971 164 735 40 715 11
2 10
163 274 91 65 20 350 720 12 190 402